3.740000
1.530000
0.210000
-1.200000
-1.120000
1.180000
3.300000
0.000000
18.450000
5.830000
20.980000
23.180000
24.500000
25.910000
25.830000
23.530000
11.320000
13.840000
16.360000
18.880000
6.270000
21.410000
24.720000
8.790000
10.880000
13.400000
15.920000
8.360000
4.950000
4.990000
3.700000
3.590000
3.660000
2.400000
2.480000
3.480000
3.510000
2.260000
2.310000
1.090000
1.150000
2.170000
0.960000
1.000000
-0.230000
-0.180000
3.330000
2.150000
16.060000
16.050000
17.280000
17.240000
9.730000
18.470000
17.390000
17.340000
9.920000
18.600000
9.880000
18.540000
11.070000
4.720000
19.760000
11.010000
4.670000
19.720000
12.250000
5.870000
21.020000
9.990000
18.710000
9.960000
18.690000
11.200000
4.840000
19.940000
11.160000
4.790000
19.890000
6.060000
21.120000
12.380000
12.340000
6.010000
21.050000
13.560000
7.210000
22.320000
13.530000
7.170000
22.240000
11.270000
19.980000
12.510000
6.190000
21.220000
12.470000
6.150000
21.210000
13.720000
7.410000
22.450000
13.660000
7.370000
22.400000
14.860000
8.590000
23.620000
14.820000
8.490000
23.570000
13.810000
7.440000
22.550000
15.050000
8.680000
23.750000
14.980000
8.670000
23.710000
16.230000
24.920000
16.160000
24.880000
16.340000
17.560000
17.510000
18.840000
20.040000
14.760000
6.240000
21.380000
7.480000
22.560000
8.750000
14.730000
12.190000
9.660000
10.900000
13.440000
15.980000
8.380000
